7.631503913478832146e+01
7.999985939756201958e+01
9.580536264826287152e+01
1.345554464006517605e+02
9.674488561898280068e+02
6.716531393025131820e+02
1.614034847557313128e+02
1.529061712466606764e+02
7.349444764616151815e+01
1.067620041284251187e+02
3.845897510760094917e+01
4.564241063430103651e+01
4.048017952915953970e+02
9.515698973798702127e+02
3.113908436523968248e+03
1.876064508952667211e+03
1.468930600576985853e+03
1.665678012436525250e+03
8.663244587043382126e+02
3.893961850798488626e+02
2.408888624208087208e+02
1.596524496120193817e+02
1.388440993772835270e+02
1.697056526530656697e+02
1.723110023061124991e+02
3.844047112029156779e+02
1.584951899836202756e+03
1.017563838017845001e+03
2.102556172011019498e+03
1.568660015035886772e+03
1.399693371493655832e+03
4.479754845404110597e+02
3.036031965109179964e+02
1.913209048975038797e+02
1.568880447559297124e+02
1.144632094854882780e+03
1.281566710754737869e+03
1.433415963478206777e+03
1.634031452671245688e+03
8.516241856570272830e+02
1.821893976866212142e+03
1.851466043758528485e+03
1.720362203629233591e+03
1.136640342804377269e+03
4.228341815787913447e+02
2.575031594039904235e+02
1.719856765982876254e+02
1.233788701062971853e+02
1.114183152384339195e+02
5.247727802320828232e+02
7.129842572188033500e+02
9.243484665153550850e+02
1.471736240635496188e+03
1.233610028479610037e+03
1.150938894157535969e+03
5.717243711460115492e+02
2.214080544222371998e+02
1.639394468148456099e+02
1.073375968913220078e+02
3.000549358466874992e+02
9.463568342008388754e+02
9.642872653143498383e+02
1.681459609863261448e+03
1.142037625766100973e+03
2.028566631927914159e+03
2.347213400728188844e+03
1.762018166792041711e+03
8.778117545951752163e+02
4.487837604635774369e+02
2.713516649252753155e+02
1.936730897368566673e+02
2.110341747605661737e+02
4.663401876120572638e+02
2.422502098409080133e+02
1.282365366171705773e+03
8.239667940367485244e+02
1.330790759491297422e+03
1.014551764274209404e+03
5.213480018449142790e+02
2.163760870094990025e+02
1.404099397292782214e+02
1.603483015910869938e+02
8.596749847226132601e+01
6.391813139604872873e+01
4.508111391875499407e+02
8.079683890150129173e+02
1.254233065507330139e+03
1.045931788869096636e+03
1.252485351362378879e+03
1.520372685984823875e+03
1.545336998930887376e+03
4.897144512542957955e+02
3.321847099858164825e+02
4.877977803016738108e+02
1.520495083291627338e+02
1.088019934015952686e+02
7.699338036351413450e+01
6.946208315633251118e+01
1.122103188488412570e+03
5.743922660678219927e+02
1.924701617804839543e+03
2.518252115330754805e+03
1.485681136837584745e+03
5.769643632861854030e+02
3.057373356430542231e+02
2.112953126973949338e+02
1.302365385240705962e+02
9.403796214938664377e+01
8.874602805898480540e+01
6.452235646565540037e+02
3.490394994653361778e+02
9.211076254945475057e+02
1.050074192003971120e+03
1.235800440993067923e+03
5.314195073530104310e+02
2.486118169413527141e+02
1.672730694630847381e+02
9.879605820320395537e+01
8.319642419071550421e+01
8.047146447099828492e+01
3.827058050085828427e+02
5.666840604185333632e+02
4.054106789257006085e+02
1.184131022839548677e+03
2.187907164284934424e+03
1.757854400704015461e+03
1.107892298425970921e+03
4.382124893278001991e+02
2.221836707548888512e+02
1.934807726226399325e+02
1.074976395463755097e+02
1.985772962530782252e+03
1.627292580479847402e+03
1.880629310468211315e+03
1.281433107133567319e+03
1.962389320363379284e+03
1.671874620019998929e+03
1.212781030289346518e+03
5.110077711611922950e+02
3.221087735977181410e+02
2.491055883985997355e+02
1.490761201666443583e+02
1.123133109228536028e+02
4.690195533529289946e+02
5.797085392875347907e+02
6.262793534058733940e+02
1.318410949648858605e+03
8.792958807840891495e+02
1.186232301860594362e+03
1.223746942540282816e+03
1.735597367781851062e+03
7.341900352077839216e+02
2.742477664208316241e+02
2.779121911059230001e+02
1.311031279601698714e+02
9.850722477268793398e+01
4.908759645347473679e+02
4.737619902543971762e+02
3.320154388836623980e+02
1.149325135323504810e+03
3.028659173464145624e+03
2.098242065303512391e+03
1.694447225146503342e+03
8.343684444126578228e+02
4.034318796227793769e+02
2.356342223039684427e+02
1.643561252650519293e+02
1.190934073702958784e+02
1.872178636380777732e+02
2.404751273151400710e+02
8.676825290805162467e+02
3.349168278521566435e+02
6.507936591856837367e+02
1.745636035551893883e+03
6.092472883147897846e+02
2.257826842875312252e+02
1.784896773047783540e+02
1.278432357620527142e+02
8.815114175394248264e+01
2.691885173417366559e+02
1.247887142979597428e+02
9.034385312063907350e+02
9.805341419087683335e+02
1.246297990572665867e+03
1.694490065188398376e+03
9.360518893984573197e+02
9.601622280143508306e+02
2.906597288026262618e+02
1.854451773562653614e+02
1.376433572607400606e+02
2.621946152118260898e+02
1.935336730638327651e+02
5.284858742351524370e+02
1.769725351784330769e+03
1.575765811442404129e+03
1.006721810920000848e+03
2.678982742814634094e+03
2.541879988844325453e+03
1.522979834085153016e+03
5.641738514489078398e+02
3.273845557735683656e+02
2.568596017999844321e+02
1.611176221824435117e+02
1.173167118625093366e+02
1.223871149785462080e+02
1.663514762730902987e+02
4.065698252649607980e+02
9.453723211908127269e+02
1.948975402151187154e+03
2.445697725975624053e+03
1.435786117378591143e+03
7.756725370238868891e+02
2.949986828882923078e+02
1.982936870033757657e+02
1.368302494076556854e+02
3.042779693388671376e+02
6.444026343051573349e+02
6.682313689960784586e+02
1.336161403885452501e+03
9.220877598626061626e+02
1.933686098504847905e+03
2.267171749966645166e+03
1.145608497310701068e+03
5.229409776622737809e+02
2.641782841537435047e+02
1.795363303552269088e+02
1.585875835154777747e+02
1.457350119787336098e+02
1.762222288242895729e+02
1.809603524031768700e+02
7.669618287528136307e+02
8.349790585347997194e+02
1.936780903767592463e+03
1.986815758549963221e+03
1.455267874687294352e+03
1.002575908766705652e+03
3.659797622854850943e+02
2.314130408297596944e+02
1.780565014402039310e+02
5.923184970437145012e+02
1.342089800961819606e+02
3.350662615850546331e+02
6.734567826401325874e+02
8.089595861731329478e+02
1.701315176400667269e+03
1.552518043128759700e+03
7.002646680847401512e+02
2.793798460963130879e+02
1.738430198553250250e+02
1.217558328147297146e+02
8.468244111535869934e+01
2.101323103354402235e+02
6.905983459722634166e+01
1.842745336723951937e+02
4.130195505176794200e+02
5.009814209512774710e+02
1.082898568243296722e+03
1.074212793182966834e+03
5.047462790144830933e+02
2.528208342353875082e+02
1.739523251004575854e+02
2.731648028463103515e+02
8.979409503902053302e+01
6.213413105649533463e+01
6.093472012198387233e+01
1.326599098821850475e+02
2.858735793950572202e+02
1.225100076183864303e+03
1.841580256713593371e+03
1.040151908290166375e+03
7.449136977042732042e+02
2.861269859300563212e+02
1.920754831811284760e+02
1.095504217077164668e+02
7.533473694415678779e+01
4.240780154687874415e+02
1.207320811369784224e+02
1.447414315175306911e+03
1.133176214944666299e+03
7.673904139459626776e+02
1.601219596568221732e+03
2.416164622999379844e+03
1.312432780021237477e+03
5.832499253489302191e+02
5.620158354565398895e+02
2.324269830151808378e+02
1.498262114877933300e+02
2.402258931435000306e+02
1.229310663731053381e+02
6.776268568508529597e+02
5.744185781525120547e+02
3.660603995180255765e+02
2.041834118089456979e+03
1.804897475148881767e+03
4.647318351936037857e+02
2.610042046862279790e+02
1.590333479157848728e+02
1.340568966658092052e+02
9.023761557226748664e+01
6.487342778974694113e+01
1.148520738115060738e+02
1.889752782832732976e+02
6.547792705970929319e+02
9.073680454179617527e+02
1.723520241696400490e+03
1.867274314342988873e+03
1.360780600486160210e+03
6.600776987542320740e+02
6.299580640427209346e+02
2.436913922621778852e+02
1.493964238614807414e+02
1.050723310609677128e+02
2.508430236535352549e+02
1.609281204880829534e+02
4.519212189447850392e+02
1.192868228462453317e+03
1.815873038707197338e+03
6.467467608963740986e+02
4.372333668292232005e+02
1.905495095935200141e+02
1.256542236845657925e+02
8.490513943245076689e+01
1.302928154542338177e+02
5.275665879673960035e+01
5.310549479028632902e+01
5.866949423165947337e+02
1.634900784179374682e+02
6.347559072874154253e+02
7.506686000412441899e+02
8.311845068343654930e+02
2.548009342833141204e+02
2.113155703384661024e+02
9.850119449185829978e+01
7.608508775496753174e+01
1.076276625946086369e+02
3.843055974920755489e+02
2.082359942261821004e+02
2.283664282448228278e+03
8.043477080955402698e+02
1.494563399574046116e+03
1.584238493460180962e+03
1.675082234098473464e+03
1.126241465291593840e+03
4.881550444866197154e+02
2.436978408028861054e+02
1.752624297616499405e+02
1.194835315277228744e+02
3.416855210337129165e+02
7.323129552260228365e+02
2.926559348027025180e+02
5.067545756558734524e+02
5.457575936601031117e+02
1.481891587600998491e+03
1.846105656497121117e+03
5.704269739377781434e+02
3.363544496557257162e+02
1.799805867781547022e+02
1.205575254969290313e+02
9.059497102359219411e+01
7.195319567175644693e+01
